	[48;2;204;0;0;38;2;0;0;0m    1  [0m[48;2;252;233;79;38;2;0;0;0m    3  [0m[48;2;50;175;255;38;2;0;0;0m    5  [0m[48;2;255;165;0;38;2;0;0;0m    2  [0m[48;2;114;159;207;38;2;0;0;0m    6  [0m[48;2;78;154;6;38;2;0;0;0m    4  [0m[48;2;173;127;168;38;2;0;0;0m    7  [0m
[frame]
	[48;2;204;0;0;38;2;0;0;0m    1  [0m[48;2;252;233;79;38;2;0;0;0m    3  [0m[48;2;50;175;255;38;2;0;0;0m    5  [0m[48;2;255;165;0;38;2;0;0;0m    2  [0m[48;2;114;159;207;38;2;0;0;0m    6  [0m[48;2;78;154;6;38;2;0;0;0m    4  [0m[48;2;173;127;168;38;2;0;0;0m    7  [0m
[frame]
	[48;2;204;0;0;38;2;0;0;0m    1  [0m[48;2;252;233;79;38;2;0;0;0m    3  [0m[48;2;255;165;0;38;2;0;0;0m    2  [0m[48;2;50;175;255;38;2;0;0;0m    5  [0m[48;2;114;159;207;38;2;0;0;0m    6  [0m[48;2;78;154;6;38;2;0;0;0m    4  [0m[48;2;173;127;168;38;2;0;0;0m    7  [0m
[frame]
	[48;2;204;0;0;38;2;0;0;0m    1  [0m[48;2;255;165;0;38;2;0;0;0m    2  [0m[48;2;252;233;79;38;2;0;0;0m    3  [0m[48;2;50;175;255;38;2;0;0;0m    5  [0m[48;2;114;159;207;38;2;0;0;0m    6  [0m[48;2;78;154;6;38;2;0;0;0m    4  [0m[48;2;173;127;168;38;2;0;0;0m    7  [0m
[frame]
	[48;2;204;0;0;38;2;0;0;0m    1  [0m[48;2;255;165;0;38;2;0;0;0m    2  [0m[48;2;252;233;79;38;2;0;0;0m    3  [0m[48;2;50;175;255;38;2;0;0;0m    5  [0m[48;2;78;154;6;38;2;0;0;0m    4  [0m[48;2;114;159;207;38;2;0;0;0m    6  [0m[48;2;173;127;168;38;2;0;0;0m    7  [0m
[frame]
	[48;2;204;0;0;38;2;0;0;0m    1  [0m[48;2;255;165;0;38;2;0;0;0m    2  [0m[48;2;252;233;79;38;2;0;0;0m    3  [0m[48;2;78;154;6;38;2;0;0;0m    4  [0m[48;2;50;175;255;38;2;0;0;0m    5  [0m[48;2;114;159;207;38;2;0;0;0m    6  [0m[48;2;173;127;168;38;2;0;0;0m    7  [0m
[frame]
